69 
122
841 
637 
192 
909 
734 
754 
956 
624 
310 
511 
930 
171 
710 
576 
29 
556 
854 
300 
190 
670 
169 
400 
42 
437 
884 
29 
841 
941 
979 
995 
319 
623 
767 
56 
349 
224 
612 
138
434
280
230
892
362
220
923
456
505
369
924
713
905
454
813
228
366
972
76
315
91
733
134
125
742
397
821
398
974
994
101
446
117
868
694
464
40
808
436
969
27
807
210
107
281
934
790
174
153
634
149
202
549
457
447
690
228
600
781
640 