621
175
190
884
379
15
28
770
738
612
709
689
625
219
655
637
442
466
259
346
627
841
768
213
295
580
939
314
395
402
844
570
709
453
900
391
21 
654 
315 
310 
856 
572 
847 
422 
81  
209 
462 
51  
744 
817 
804 
954 
959 
368 
784 
649 
471 
351 
217 
773 
226 
371 
166 
854 
937 
194 
50  
139 
901 
274 
630 
142 
610 
176 
473 
915 
528 
482 
163 
90  
179 
402 
231 
559 
963 
151 
206 
962 
6   
865 
136 
288 
400 
753 
622 
757 
757  
267  
627  
684  
941  
649  
73   
822  
798  
925  
935  
842  
112  
114  
480  
758  
473  
760  
951  
587  
672  
442  
438  
366  
927  
670  
6   
904  
642  
816  
881  
868  
693  
563  
787  
288  
113  
181  
751  
330  
974  
398  
782  
456  
557  
157  
266  
964  
516  
471   
249   
498   
333   
29    
452   
8     
928   
880   
807   
777   
556   
28    
35    
317   
629   
174   
23    
217   
495   
804   
750   
902   
256   
879   
33    
425   
284   
783   
813   
718   
50    
132   
343   
34    
644   
4     
180   
236   
644   
669   
253   
238   
81    
473   
952   
638   
985   
929   
338   
331   
808   
304   
232   
7     
943   
509   
732   
976   
64    
844   
756   
282    
381    
42     
951    
45     
777    
634    
25     
270    
302    
81     
238    
372    
45     
298    
371    
362    
197    
847    
240    
276    
186    
726    
337    
103    
239    
691    
12     
74     
222    
303    
637    
387    
603    
285    
700    
863    
913    
221    
304    
570    
804    
943    
510    
463    
470    
597    
441    
77     
901    
605    
445    
358    
417    
370    
807    
380    
851    
438    
156    
770    
849     
270      
642      
573      
439      
986      
283      
974      
839      
871      
157      
92       
297      
755      
263      
194      
965      
445      
719      
987      
477      
326      
526      
165      
224      
400      
804      
385      
113      
433      
512      
182      
142      
252      
896      
140      
532      
844      
463      
204      
776      
686      
444      
353      
761      
322      
679      
962      
593      
781      
14       
872       
369       
327       
86        
983       
516       
868       
765       
226       
908       
216       
532       
823       
233       
828       
43        
100       
128       
904       
468       
813       
560       
676       
1         
28        
623       
359       
425       
699       
347       
211       
61        
496       
45        
947       
289       
702       
480       
529       
150       
76        
656       
144       
661       
204       
141       
971       
782       
434       
838       
433       
702       
934       
994       
334       
935       
897       
921       
847       
993       
920       
514       
529       
374       
232       
918       
574       
340       
422       
593     
77         
867        
833        
345        
469        
870        
255        
390        
894        
182        
601        
746        
963        
82         
779        
378        
344        
747        
956        
122        
709        
412        
62         
111        
228        
231        
723        
902        
405        
537        
492        
474         
34          
544         
447         
899         
841         
763         
613         
929         
951         
55          
932         
711         
627         
931         
144         
389         
350         
857         
593         
918         
589         
197         
209         
985         
264         
433         
300         
698         
155         
231         
756         
248         
142         
936         
505         
370         
994         
905         
553         
714         
19          
109          
929          
899          
949          
613          
568          
247          
236          
181          
340          
145          
844          
808          
348          
98           
785           
67            
17            
599           
860           
879           
18            
919           
867           
16            
203           
761           
140           
546           
480           
652           
222           
756           
675           
153           
747           
781           
608           
475           
502           
466           
802           
263           
93            
809           
76            
582           
787           
872           
318           
423           
109           
887           
585           
785           
814           
308           
977           
199           
138           
397           
198           
564           
131           
511           
327           
765           
980           
949           
708           
710           
927           
565           
285           
964           
341            
293            
181            
714            
786            
955            
213            
631            
881            
25             
918             
525             
740             
255             
823             
317             
496             
323             
607             
797             
24              
883              
87               
979              
801              
283              
775              
987              
685              
466              
835              
452              
135              
431              
210              
865              
49               
185              
619              
212              
413              
148              
709              
125              
575              
783              
449              
944              
491              
802              
366              
156              
312              
260              
945              
479               
624               
115               
174               
191               
443               
669               
151               
35                
407               
219               
736               
32                
46                
510               
381               
96                
372               
969               
361               
965               
412               
534               
524               
652               
302               
412               
743               
484               
622               
694               
319               
21                
284               
431                
956                
277                
972                
970                
261                
445                
170                
126                
546                
579                
196                
718                
270                
57                 
355                
902                
663                
922                
438                
9                 
531                
61                 
381                
856                
432                
434                
704                
461                
231                
809                
202                
637                
270                
898                
285                
884                
138                
175                
315                
395                
534                
261                
614                
124                
562                
961                
637                
14                 
802                 
208                 
539                 
84                  
241                 
959                 
245                 
535                 
787                 
257                 
736                 
500                 
28                  
903                 
61                  
928                 
248                 
321                 
683                 
184                 
64                  
891                 
679                 
254                 
510                 
523                 
161                 
885                 
237                 
790                 
62                  
573                 
871                 
770                 
494                 
962                 
388                 
62                  
570                 
959                 
797                 
190                 
820                 
408                 
282                 
19                  
426                 
405                 
126                 
935                 
384                 
666                 
837                 
54                  
321                  
75                  
310                  
16                  
2                   
997                  
811                  
787                  
483                  
128                  
474                  
357                  
194                  
384                  
656                  
462                  
990                  
651                  
473                  
436                  
998                  
901                  
654                  
65                   
932                   
983                   
195                   
399                   
313                   
550                   
476                   
780                   
549                   
31                    
995                   
392                   
187                   
680                   
497                   
723                   
463                   
874                   
711                   
380                   
53                    
395                   
815                   
844                   
96                    
935                   
916                   
112                   
331                   
815                   
754                   
477                   
415                   
562                   
636                   
86                    
114                   
239                   
880                   
850                   
976                   
573                   
929                   
321                   
329                   
745                   
641                   
820                   
815                   
799                   

729                    
868                    
537                    
124                    
942                    
850                    
9                      
528                    
802                    
902                    
503                    
649                    
612                    
475                    
744                    
122                    
828                    
520                    
727                    
362                    
368                    
554                    
21                     
241                     
140                     
476                     
184                     
774                     
681                     
849                     
934                     
819                     
837                     
256                     
548                     
546                     
666                     
869                     
95                      
353                     
950                     
321                     
254                     
352                     
743                     
584                     
922                     
484                     
192                     
48                      
603                     
452                     
373                     
857                     
873                     
536                     
431                     
56                      
28                      
609                     
300                     
709                     
264                     
155                     
294                     
749                     
456                     
15                      
846                     
562                     
381                     
814                     
557                     
805                     
332                     
56                      
807                      
14                      
434                      
514                      
916                      
866                      
612                      
326                      
740                      
876                      
119                      
805                      
423                      
614                      
536                      
199                      
174                      
894                      
378                      
66                       
665                       
462                       
858                       
713                       
694                       
971                       
344                       
348                       
619                       
295                       
44                        
645                       
760                       
610                       
579                       
963                       
804                       
331                       
989                       
415                       
10                        
77                        
427                       
916                       
175                       
77                        
866                       
995                       
91                        
311                       
255                       
756                       
794                       
304                       
118                       
466                       
30                        
806                       
803                        
21                        
555                        
587                        
740                        
387                        
590                        
769                        
201                        
16                        
771                        
863                        
793                        
297                        
401                        
913                        
306                        
185                        
908                        
423                        
589                        
163                        
360                        
700                        
107                        
638                        
636                        
118                        
792                        
894                        
458                        
469                        
139                         
471                         
730                         
940                         
479                         
285                         
198                         
101                         
481                         
839                         
293                         
137                         
597                         
777                         
391                         
597                         
448                         
425                         
602                         
544                         
772                         
993                         
719                         
169                         
52                          
187                         
532                         
325                         
436                         
331                         
791                         
613                         
971                         
182                         
987                         
511                         
800                         
440                         
506                         
243                         
950                         
963                         
24                          
686                          
270                          
123                          
687                          
235                          
447                          
375                          
284                          
725                          
917                          
74                           
62                           
153                           
747                           
791                           
166                           
584                           
886                           
131                           
743                           
35                            
199                           
396                           
156                           
983                           
868                           
352                           
832                           
240                           
613                           
472                           
598                           
969                           
566                           
539                           
909                           
297                           
445                           
847                           
312                           
457                           
34                            
610                           
192                           
962                           
758                           
318                           
134                           
140                           
441                           
763                           
880                           
34                            
708                          
895                            
791                            
505                            
64                             
769                            
371                            
830                            
417                            
339                            
260                            
855                            
946                            
157                            
798                            
377                            
46                             
69                             
223                            
305                            
992                            
717                            
913                            
391                            
584                            
677                            
383                            
837                            
3                              
215                            
829                            
637                            
301                            
178                            
832                            
512                            
358                            
14                             
351                             
371                             
422                             
902                             
437                             
35                              
310                             
908                             
236                             
817                             
381                             
94                              
0                               
921                              
947                              
998                              
933