96
1
818
504
61
160
459
429
124
631
106
382
244
818
325
194
356
106
219
369
546
525
433
479
141
945
572
234
948
525
16
896
775
555
399
15
603
318
942
210
524
340
609
77
162
560
687
606
878
591
560
944
534
644
626
317
996
258
3
127
517
894
513
771
437
111
422
514
535
779
135
245
442
255
619
637
16
618
544
229
928
311
992
92
211
605
964
227
99
548
759
159
696
878
419
627
332
384
913
637
870
124
801
395
460
828
58
746
25
693
699
291
206
358
560
338
901
851
80
172
792
882
35
109
816
433
705
516
922
322
558
11
395
333
602
822
588
512
508
711
777
669
558
636
308
872
43
758
71
468
869
743
838
657
700
343
706
475
273
626
689
130
24
521
547
434
716
236
424
847
212
873
989
294
483
996
918
802
333
643
325
802
862
221
744
596
613
950
177
344
981
609
111
411
308
875
513
143
739
832
371
115
150
820
881
540
199
192
896
752
107
70
428
570
110
627
772
343
218
617
818
396
578
102
726
410
300
524
690
951
525
174
184
98
143
659
136
579
54
250
126
501
784
155
240
393
258
718
693
415
63
154
560
347
571
668
996
666
670
353
666
912
69
778
829
856
426
324
831
607
603
568
852
709
560
637
260
217
646
192
198
631
256
166
680
393
350
454
963
600
781
254
315
109
398
688
173
496
723
112
833
763
75
229
534
309
839
193
381
119
845
863
173
668
370
793
149
81
77
570
665
495
462
822
964
641
509
700
532
30
919
158
930
957
858
829
488
488
34
203
374
287
453
622
725
681
984
654
956
609
709
468
793
75
980
702
175
369
117
635
701
863
688
760
136
487
148
292
991
826
468
134
460
788
792
833
730
459
623
506
73
107
785
694
526
56
643
642
440
802
884
552
598
70
436
714
492
927
933
951
277
504
593
15
962
468
283
821
320
588
977
336
911
341
471
765
862
476
719
549
556
278
268
959
978
552
23
274
45
799
656
376
543
421
662
594
229
386
425
372
587
803
764
357
850
353
537
942
444
400
741
500
303
130
506
76
821
88
203
746
141
644
978
549
9
446
413
994
48
217
392
100
158
745
796
309
664
636
300
180
260
770
664
267
644
474
514
739
91
914
382
486
784
162
879
409
816
110
869
876
328
311
178
704
599
564
515
603
882
474
332
395
250
157
60
389
400
458
912
952
160
91
443
419
251
685
899
520
390
194
783
164
920
462
532
907
553
168
991
317
782
175
237
735
834
934
574
247
382
382
735
784
312
502
63
597
529
913
257
878
296
109
505
445
821
771
330
836
176
416
243
836
72
295
850
980
295
968
816
716
946
89
509
909
799
296
748
752
487
738
183
239
963
651
957
644
643
90
616
524
680
328
915
655
659
342
912
190
199
8
360
786
66
289
948
557
497
308
8
423
161
36
975
72
129
889
562
844
924
439
17
0
630
357
876
816
548
287
995
538
141
593
874
626
167
920
544
691
650
814
895
839
362
194
182
788
176
730
337
259
719
126
362
77
868
954
89
156
742
392
311
443
941
487
520
627
736
916
967
891
214
83
83
316
222
202
919
414
282
554
944
938
662
75
911
246
863
387
430
142
406
483
887
669
283
807
224
471
143
767
635
290
345
198
274
409
890
878
472
620
949
710
554
464
22
746
900
470
259
797
296
675
735
830
161
652
35
204
421
531
832
966
337
90
728
924
71
643
738
20
571
289
867
426
307
359
418
303
52
531
140
260
505
319
902
779
583
676
313
154
972
955
680
422
797
793
917
304
295
581
33
222
365
210
746
400
360
612
742
277
293
761
334
146
128
549
543
567
110
521
578
302
448
586
522
225
635
113
893
598
68
533
108
841
546
201
77
887
756
274
880
762
593
610
6
678
286
490
372
726
593
480
880
908
749
892
691
860
151
144
556
603
988
244
230
409
741
4
671
672
243
519
441
688
501
259
878
473
496
906
700
476
758
83
440
238
871
7
831
578
572
617
967
954
307
881
451
946
660
365
382
793
617
68
247
469
212
297
931
465
915
736
9
661
727
496
966
291
579
69
425
769
239
761
528
872
123
990
849
784
385
186
181
149
251
552
766
763
492
199
842
177
707
241
199
261
193
322
710
932
468
923
85
940
660
498
676
536
370
512
162
175
889
102
295
497
964
765
761
623
95
417
5
998
970
281
195
912
432
373
325
23
118
524
776
878
94
410
696
143
451
962
770
818
287
54
538
456
320
560
733
117
378
195
81
947
494
963
393
241
903
22
989
184
861
293
278
557
603
515
910
407
195
417
238
823
369
604
41
431
212
292
438
201
353
657
