263
861
855
26
169
72
306
406
855
203
39
856
919
122
574
236
636
25
521
25
743
962
101
229
674
943
515
39
527
969
686
605
813
246
140
138
378
513
903
35
164
593
686
439
465
527
524
641
710
813
970
555
260
232
920
297
807
186
846
727
225
159
753
983
84
713
634
995
964
138
488
275
218
901
373
236
461
858
326
966
90
428
516
815
373
777
728
593
296
853
356 
253 
440 
963 
604 
523 
351 
994 
123 
0 
395 
215 
337 
378 
206 
781 
490 
338 
791 
173 
970 
454 
165 
796 
525 
306 
68 
632 
67 
330 
312 
398 
144 
431 
270 
571 
10 
652 
170 
676 
283 
660 
115 
861 
375 
83  
539  
307  
879  
101  
107  
767  
867  
630  
483  
895  
911  
262  
694  
634  
948  
184  
180  
375  
543  
617  
385  
426  
471  
312  
330  
789  
608  
350  
280  
688  
900  
138  
382  
204  
737  
553  
885  
625  
462  
745  
46   
2    
55   
465  
831  
138  
344  
951  
39   
389  
965  
685  
371  
405  
736  
352  
595   
512   
404   
327   
647   
874   
999   
669   
258   
716   
52    
274   
937   
9    
878   
228   
149   
689   
472   
222   
131   
132   
393   
370   
669   
228   
910   
928   
442   
423   
904   
907   
896   
560   
948   
76    
226   
657   
705   
734   
140   
304   
44    
125   
187   
907   
63    
547   
658   
448   
480   
465   
415    
85    
101    
350    
947    
864    
774    
823    
625    
541    
715    
27     
598    
923    
412    
442    
390    
1     
983    
553    
840    
98     
500    
557    
367    
121    
789    
962    
81     
595    
969    
726    
661    
16     
400    
470    
573    
69     
872    
237    
123    
554    
661    
237    
152    
211    
592    
723    
95     
981    
390    
108    
769    
70     
593    
125    
865    
297    
797    
804    
791     
166     
64      
337     
146     
474     
404     
368     
726     
343     
561     
805     
166     
26      
211      
60       
307      
549      
355      
149      
738      
1        
322      
161      
3        
314      
55       
475      
366      
407      
569      
237      
24       
724      
1        
286      
827      
678      
279      
621      
827      
770      
925      
285      
21       
922      
576      
461      
338      
949      
706      
323      
113      
426      
357      
124      
307      
497      
834      
338      
360      
934      
240      
899      
279      
291      
240      
762      
458      
160       
460       
524       
560       
242       
800       
241       
443       
269       
704       
204       
962       
463       
345       
921       
434       
635       
301       
11        
573       
855       
462       
247       
564       
170       
603       
72        
424       
885       
280       
407       
428       
741       
967       
663       
15        
74        
941       
59        
942        
72        
984        
477        
622        
767        
68        
307        
743        
961        
149        
856        
276        
287        
494        
964        
726        
504        
208        
689        
513        
360        
638        
451        
918        
425        
781        
891        
511        
584        
305        
81         
641         
310         
187         
251         
163         
985         
199         
990         
206         
935         
865         
119         
477         
879         
959         
871         
355         
635         
538         
217         
819         
862         
414         
713         
66          
502          
769          
123          
450          
406          
712          
573          
440          
835          
293          
978          
637          
185          
861          
220          
497          
417          
622          
853          
3           
649          
749          
883          
61           
912          
469          
317          
60           
220          
204          
318           